0.00442536691477 -0.0892644842708 -0.0346439552137 -0.00181070171388 0.00153998264406 -0.00344709833137 0.999991233625
-0.0194544043633 0.0197080621313 -0.0195054115309 -0.00272951726929 0.00148853288 -0.00403439780435 0.999987028736
-0.0323072540295 0.0627063704153 -0.00915678974853 -0.00368623757439 0.00143817445788 -0.00455477442923 0.999981798503
-0.0377467728345 0.067656995968 -0.00340469464235 -0.00455814990682 0.0013434497767 -0.00509489739227 0.999975729922
-0.0383302214869 0.0567715352578 0.00221133723759 -0.00546076764242 0.00127704224803 -0.00564842285119 0.999968321748
-0.0370498229963 0.0413931095226 0.00493066340264 -0.0063544712698 0.00122510957572 -0.00616075210025 0.999960081671
-0.0352892324459 0.0271569154651 0.0064510077994 -0.00720716091528 0.00117470467714 -0.00669920331352 0.999950897582
-0.0331181975647 0.0159046181286 0.01334603619 -0.00807057876884 0.0011261595409 -0.00722028988244 0.999940730712
-0.0318572201776 0.00868729375954 0.0175986519579 -0.00894144316528 0.00107660095698 -0.00774214110993 0.999929472901
-0.0313615433266 0.0052467467976 0.0162464169692 -0.00968085169463 0.00104008860877 -0.00827469377798 0.999918361052
-0.0316014556479 0.00695798063191 0.0129140547173 -0.0102887036616 0.000995761115364 -0.00869282628113 0.999908788744
-0.0321408259839 0.011668973462 0.0138075792036 -0.0111090033472 0.000938076809456 -0.00924633070908 0.999895102211
-0.0317588687897 0.0160634357314 0.013694371794 -0.0116986579962 0.000863314294758 -0.00963413263286 0.999884783152
-0.0298984730952 0.0187564861445 0.0135935668602 -0.0126392741957 0.00079230525586 -0.00978962838 0.999871883881
-0.0239931907944 0.0150486030943 0.0176896617531 -0.0152812036654 -0.000112079232307 -0.00916160184799 0.999841256052
-0.0228518780852 0.0140611164724 0.0187428686309 -0.01275302777 0.000693273845758 -0.0102244339989 0.999866161345
-0.0223692237148 0.00986082200514 0.0225717917415 -0.0160349608077 -0.00075645342995 -0.0101767245818 0.999819354727
-0.0244060468329 0.0115206425052 0.0230369697516 -0.018445181482 -0.000937032711929 -0.0096195780708 0.999783156973
-0.0235372290008 0.0116962776641 0.0235333396386 -0.0161728460377 0.000144362194609 -0.010173127437 0.999817446181
-0.0284500601959 0.0135407683006 0.023500233128 -0.0159063780701 0.00012647606954 -0.0109460404341 0.99981356029
-0.0278730687519 0.00839422512875 0.0230648033359 -0.0165797980361 4.0486958121e-05 -0.0114017756485 0.999797533589
-0.0248223435432 0.00394471567267 0.0331947358203 -0.0171038787979 -2.14916376442e-05 -0.011924723336 0.999782605291
-0.0234773902343 0.00171204969714 0.0354221426238 -0.0140292802439 0.000877561576277 -0.0122064920093 0.999826690349
-0.0226593866824 0.000812489972299 0.0405284189347 -0.0114315487721 0.00084571687441 -0.0122077896307 0.999859777333
-0.0193074004532 -0.00235314017577 0.0445160354331 -0.000494994757985 0.0038958967484 -0.0109699101169 0.999932116716
-0.0198258492294 -0.00259771725161 0.0481679376539 -0.00273386370296 0.00274929946638 -0.0116241026154 0.999924920972
-0.0217690659146 -0.00162012272308 0.0518620004672 -0.00853795994965 0.000842420907696 -0.0117784160867 0.999893825604
-0.0183107971207 -0.00447494818271 0.0565682027475 -0.00264673070693 0.00195423408502 -0.00859602065926 0.99995764121
-0.0206393455468 -0.00219124367045 0.0596370616557 -0.00772134333102 -0.000125144651516 -0.00991566638215 0.999921019259
-0.0207188052882 -0.00531674590475 0.0627544288143 -0.0027596164598 0.00070679923859 -0.0114650901595 0.999930215895
-0.0175147933163 -0.00855518657198 0.0654459786527 0.00134829845267 0.00242429758585 -0.0083887877731 0.999960965794
-0.0175611355943 -0.00457850096346 0.0668028699112 -0.00447776463512 -0.00051426701559 -0.0112914845281 0.999926091034
-0.0278846710994 -0.00338589877638 0.0688235262192 -0.00189725719893 0.0046630919407 -0.00830020822912 0.999952880156
-0.0252358902788 -0.00308597972166 0.0698504981175 -0.00911080341563 0.00256474820307 -0.00909709086968 0.99991382542
-0.019170050013 -0.00318503311681 0.0708283671877 -0.0113520673527 0.000554508717879 -0.0110778142578 0.999874044627
-0.0245051207267 -0.0034945802299 0.0707082067262 -0.0159569809702 -0.000687190190971 -0.0105978826502 0.999816276829
-0.0287713011302 -0.00246131006106 0.0684071789991 -0.017925513029 -0.000924434575107 -0.0114014171447 0.999773888982
-0.0263381590691 0.0125433598563 0.065025085522 -0.0210058548308 -0.00203554631976 -0.0107862157904 0.999719094628
-0.0251615476083 0.014606348188 0.0624297922999 -0.0270284855835 -0.00409381648945 -0.00653856436411 0.999604896351
-0.0255074669032 0.0175477885123 0.0601744290033 -0.0284391246844 -0.00409481656074 -0.000995344982077 0.999586643545
-0.0271713470962 0.0206207394338 0.0569784640375 -0.0254511332121 -0.00229083369368 0.0105776836039 0.999617479093
-0.0288613120224 0.0223163989172 0.0538605797462 -0.0226256104777 -0.00207570112334 0.0259560448218 0.999404851375
-0.0295106270842 0.0232158643041 0.0527051897738 -0.0285419113708 -0.0116270319111 0.0389608059205 0.998765351334
-0.0231061012566 0.0217371415509 0.0597755439346 -0.0216309214139 -0.0171612231787 0.0489184974361 0.998421041578
-0.00328428220616 0.0164336522199 0.0805057436754 0.00149296239031 -0.000807585453816 0.0469898346461 0.998893925454
0.0230957556605 0.0125202136322 0.114563974512 0.0173886549936 0.0129687627767 0.0451162742321 0.998746197825
0.0553170227329 0.0111385043533 0.154298265857 0.0218414039003 0.0251792038778 0.0448291237791 0.998438435973
0.0954155947241 0.0140668058927 0.203862434152 0.0164651854338 0.0281972751589 0.0447764970958 0.998463257536
0.142516215059 0.0178576273545 0.258101346361 0.0215220812565 0.0422606972523 0.0403383307454 0.998059944371
0.190149856145 0.0265213991951 0.317976893737 0.0206936213121 0.0423589501135 0.0396943287403 0.998099120152
0.240237815387 0.0378351733716 0.37795286544 0.0261219673259 0.0489419185964 0.0404138158885 0.997641746777
0.290184641593 0.0454639887303 0.435600155729 0.0389492186245 0.0372399076487 0.0345727211193 0.997948332631
0.340246299742 0.0513712294404 0.482202250185 0.0427756525984 0.0330224566458 0.0275823023254 0.998157791885
0.388231212418 0.0537967012753 0.522588021699 0.0382381317121 0.0256510877984 0.0217171931449 0.998703274501
0.435019462188 0.0472913598189 0.555024116786 0.0589199358377 0.0133638079558 0.0157164042108 0.998049520032
0.489620412518 0.0410681543441 0.580278371626 0.0537614184207 0.0112915082018 0.00893664930537 0.998449972723
0.54985996834 0.0322274610861 0.605021073225 0.0480864003759 0.01725444808 0.00962252285231 0.998647780338
0.622906762809 0.0208450223205 0.627620521111 0.0404413570639 0.0496585596313 0.000617724633611 0.997946963776
0.701998462752 0.0116962209185 0.653954730748 0.0527990172291 0.0439378782716 -0.0114792089304 0.997572029678
0.778660141198 0.00609589750523 0.675804443037 0.0548082869017 0.0111297249287 -0.0266974236628 0.998077866942
0.850560630541 0.00649068487307 0.688653345142 0.0585549885038 0.00262393665798 -0.0391981682278 0.997510868054
0.923003557275 0.022233016853 0.700342736132 0.0521369364718 -0.00759231777356 -0.0465593644683 0.997525098505
0.998102814502 0.0536851064863 0.706828304424 0.0439894520489 -0.010581584876 -0.0429988308653 0.998050128357
1.07484009804 0.100897557821 0.70636098341 0.0409139957972 -0.0128880769997 -0.0409479631093 0.998240054664
1.1552282412 0.160062965765 0.70678659965 0.0320797751658 -0.0133913349621 -0.0434584325793 0.998450261561
1.22757064255 0.217808133551 0.72144253432 0.0307837205143 -0.0262983666729 -0.0473738688309 0.998056348616
1.28721687327 0.2745892218 0.742782315259 0.0223035610713 -0.0255747807039 -0.0439238118563 0.998458401992
1.33476323183 0.325826225445 0.764573510319 0.0483022303759 -0.02653973034 -0.0453923441097 0.99744777926
1.37358771125 0.37795489456 0.781114599412 0.0507362244662 -0.0487854804266 -0.0480891449965 0.996359998474
1.40230471868 0.443193218477 0.788489208744 0.0214914898473 -0.0944713018541 -0.0577447807797 0.993619056421
1.42622015541 0.516719042367 0.785875087903 -0.0184830580132 -0.122135453184 -0.0763996106303 0.989395980959
1.447032256 0.594115545902 0.780324243339 -0.0035012244144 -0.11155276848 -0.0744940136591 0.99095628723
1.46652607913 0.671878890623 0.784920110459 0.0108418387456 -0.104387620032 -0.084056703662 0.990918841221
1.48766826494 0.743999926962 0.797973064146 0.0225477509341 -0.107860782996 -0.0941339424966 0.989442495191
1.51497420938 0.811024573558 0.81113958377 0.0391541121632 -0.0838066557587 -0.10717312613 0.98992793727
1.5449112715 0.881525530789 0.821165009804 0.0426641143073 -0.0811200106244 -0.115813968438 0.989033084351
1.58054480503 0.95671238541 0.822558289531 0.0304725676787 -0.0806371319203 -0.133075303757 0.987350008409
1.62144169238 1.04168000974 0.825275690725 0.0332066719906 -0.0692625675 -0.142593510287 0.98679638452
1.6660480134 1.12828819216 0.837231197085 0.0453744838409 -0.0556861061637 -0.149059986769 0.986215663099
1.70255196678 1.21401576838 0.8573968463 0.0612844458287 -0.0757734854778 -0.16021095257 0.982260172396
1.72894219123 1.30453035862 0.878842347831 0.0571552490861 -0.0893318805417 -0.16053713816 0.981315912381
1.7471398267 1.4001122259 0.893333600662 0.0408931288628 -0.092601047995 -0.161120924424 0.981729517553
1.75836024888 1.49964070353 0.901798456388 0.0334609969323 -0.0986249787486 -0.157608378754 0.981994436948
1.76131649267 1.60148134069 0.902106128651 0.033526646581 -0.108401029926 -0.156754837833 0.981097906173
1.76103340958 1.70694714587 0.902334723246 0.0396366510148 -0.0974571356452 -0.157569331056 0.981887441879
1.75835594246 1.81286438472 0.909845551232 0.0521067838756 -0.087290979259 -0.157643193664 0.982249353019
1.75437603624 1.91688692462 0.92482447593 0.0587683850297 -0.096195426181 -0.160827219362 0.980524003997
1.75188585512 2.01518631595 0.941424085695 0.0624152679726 -0.103389194071 -0.159533369114 0.97977758344
1.75134206669 2.1108837574 0.951969028233 0.0625968809913 -0.108347347414 -0.150559102797 0.980650008598
1.75148903834 2.20741699102 0.955039666947 0.0628366731771 -0.123091901373 -0.144644140452 0.97978467479
1.75921059782 2.30355199489 0.949463186282 0.070440996636 -0.12155152506 -0.141161101347 0.979967773049
1.77535167498 2.40675319489 0.946208733914 0.0805262983358 -0.115083448564 -0.13559394791 0.980757664478
1.79602260209 2.51173351786 0.94871259125 0.0818781808512 -0.117798303696 -0.131149743749 0.980927758737
1.81686100298 2.61771819382 0.957223028864 0.0773249479834 -0.123617814232 -0.128771041968 0.98089627748
1.83491412153 2.71553008636 0.963343437064 0.0735935192396 -0.128703060973 -0.127936202475 0.980638487985
1.85640789643 2.81373546422 0.964510317347 0.0608131367988 -0.131709165956 -0.134563619251 0.98022808079
1.87711084944 2.90949250847 0.954838215295 0.0565634876331 -0.139166139032 -0.145079546669 0.977949529757
1.8984523991 3.01123644324 0.937842050143 0.0511694611838 -0.14644543614 -0.154784075162 0.975693246134
1.922758362 3.11765828413 0.924895723893 0.04618340144 -0.148259192158 -0.168957438336 0.973313767191
1.95057289709 3.22390340501 0.921198871252 0.0336451333099 -0.147698077832 -0.177818955527 0.972334151341
1.98257549739 3.32197897136 0.922278170682 0.0256699526187 -0.142954552499 -0.191842176198 0.970619198699
2.01450459971 3.41850849403 0.919166374557 0.0100150188838 -0.140262788397 -0.200699341102 0.969508031978
2.04538158453 3.51246899807 0.908046089458 -0.00610970331367 -0.137920302236 -0.204767655162 0.969025731937
2.07590564711 3.60973902696 0.891923328895 -0.00805638531044 -0.138466255943 -0.198645002442 0.970207376608
2.10499966808 3.71069932674 0.880636187478 -0.00245172446404 -0.156729841974 -0.205639753847 0.965992772913
2.1333386827 3.81964270118 0.876316185741 -0.00436136109303 -0.173678625164 -0.205288742125 0.963157954879
2.16073688374 3.93237710678 0.877851178364 -0.021629112736 -0.168817312808 -0.192275142825 0.966469433469
2.17729724871 4.03530046304 0.88562452166 -0.0113974164515 -0.171772752835 -0.190686147466 0.966438313317
2.18709145905 4.14085502103 0.894063434627 -0.0124381956445 -0.192577437425 -0.176878714385 0.965128562566
2.19014979455 4.24637213311 0.896366173034 -0.0119021501944 -0.219778698469 -0.174595736791 0.959724956024
2.1875780391 4.35446630316 0.892298403333 0.00590094585163 -0.239199162909 -0.171741388128 0.955643152492
2.18441187554 4.47025460597 0.888298042114 0.00517313284309 -0.242272731889 -0.172791768198 0.954683280948
2.17884300612 4.58088574697 0.888840049318 0.015856434895 -0.234653181129 -0.161251871372 0.958480199085
2.17997487181 4.68771323553 0.900666755556 0.0195741659375 -0.218176699059 -0.172140609583 0.96040792924
2.1785669264 4.79061075179 0.915340149863 0.0230470955259 -0.218029572173 -0.163600120125 0.961855985967
2.17713066001 4.89292829861 0.922197536997 0.0216904671081 -0.228395174682 -0.163353800741 0.959521080332
2.17558765347 4.99455387408 0.919069549415 0.0314096392352 -0.234337394817 -0.164517431265 0.957618626993
2.17612537163 5.10747516521 0.919978902231 0.0396176046595 -0.245914024443 -0.159692313769 0.955225158225
2.17645863111 5.21361003363 0.928033267499 0.0569703242709 -0.25463356517 -0.156659265127 0.952561811271
2.17615376963 5.32226603782 0.941995901847 0.0622978472484 -0.255600220444 -0.145327531422 0.953764863134
2.16774993624 5.42489184958 0.954496183579 0.071654997656 -0.262159407074 -0.131834207983 0.95328786219
2.1559270851 5.52917296793 0.961080465999 0.0630079438591 -0.272345652382 -0.118437523231 0.952801342217
2.14261232112 5.62941835969 0.956761797049 0.0708757093615 -0.260377727226 -0.109527224952 0.95665242381
2.12125455192 5.73415814378 0.947018753824 0.0815895569363 -0.258702759618 -0.0960305572262 0.957702541734
2.09909965143 5.84096153702 0.941206533255 0.0806256697665 -0.261092675113 -0.092003371091 0.957530937404
2.07681175627 5.94348583792 0.941873060431 0.0920951373956 -0.267944740429 -0.0911089520299 0.954684901213
2.063397739 6.04787880171 0.94762132715 0.0775489485626 -0.2618479572 -0.0913299583538 0.957643277319
2.04808023242 6.14743803306 0.949403836834 0.0775982936973 -0.249648660622 -0.0747545948839 0.962323127442
2.02913983802 6.24871018511 0.942464900624 0.0739139352914 -0.246481194824 -0.0624224041191 0.964306587259
2.01139566158 6.35321648877 0.931042670381 0.0816531666993 -0.241098491748 -0.045594163385 0.965984187195
1.99716672731 6.46598961973 0.92789742154 0.0955957511061 -0.231951283348 -0.0263113164087 0.967660978418
1.97937817361 6.57482556176 0.933575738729 0.111038896022 -0.23643040787 -0.01357252002 0.965187449413
1.95741128769 6.68327187118 0.945771704985 0.115602886955 -0.241397011787 0.00217220602751 0.963513744971
1.9279617934 6.78626617195 0.95675123326 0.120237743589 -0.245034093582 0.0210938174038 0.961798434635
1.89248883001 6.88289871632 0.960998905828 0.122932759146 -0.253288757027 0.0378115837796 0.95880270464
1.85027348371 6.97566712922 0.956751407548 0.132346801225 -0.256925802237 0.0531951479008 0.955847128253
1.79862202831 7.06597055584 0.946837263547 0.146838455264 -0.254441382479 0.0764743517242 0.952811484223
1.7395362562 7.15693811405 0.939879628487 0.150244472103 -0.244637088164 0.106767498538 0.951934869071
1.68214817683 7.24161702076 0.943054765951 0.153470888043 -0.237581077487 0.136119769998 0.949459491689
1.62472318036 7.31842841368 0.947026460188 0.159505739068 -0.235146118256 0.153258157657 0.946454520506
1.56371231721 7.3886735683 0.948452458746 0.157511851662 -0.238292331693 0.180267851401 0.94122807172
1.50132448965 7.45475116146 0.944785282241 0.158647596996 -0.232864633674 0.209320365617 0.936370646106
1.44019381195 7.51452479103 0.936195741636 0.168439664932 -0.22115778953 0.241268404576 0.92978861488
1.37477615839 7.57734858737 0.927074368712 0.179416270705 -0.211915437331 0.266836025067 0.922876039863
1.30997332815 7.63942865126 0.925340620118 0.191378254334 -0.207436018434 0.288609936538 0.914903801804
1.24142282194 7.702131228 0.930011938443 0.190910711268 -0.208292848609 0.313714654827 0.90650444284
1.17039365542 7.7555290681 0.937446563103 0.198168050403 -0.20131308103 0.339693984479 0.897112291809
1.09875043781 7.7990018728 0.940651824916 0.202921102637 -0.205858543634 0.360674746151 0.886768861433
1.02386477049 7.8372560286 0.935295906482 0.203429290317 -0.210118137409 0.375557918164 0.879444792058
0.941908456914 7.86972523776 0.921791779148 0.20845265063 -0.213095592151 0.394250223003 0.869312672583
0.851124466652 7.90062297263 0.912162537499 0.205543087689 -0.211627751361 0.40388125556 0.865936294057
0.75953092616 7.92540546103 0.91036215621 0.215212326385 -0.20527256546 0.416558273288 0.859084415757
0.663800861223 7.94762772805 0.914822887547 0.215548541076 -0.215479788479 0.425578116597 0.852050793011
0.57277933195 7.96714635815 0.921666567996 0.212283328722 -0.215499937085 0.436939673867 0.847100517568
0.482779832675 7.97794962829 0.925865831051 0.214165255315 -0.209104799568 0.461772015031 0.834970078714
0.389556875229 7.98050818309 0.925572537865 0.224151398483 -0.205183161501 0.485440452169 0.819758249847
0.293157653216 7.97965562924 0.921954960194 0.238318346616 -0.193470232765 0.50747617761 0.805134500477
0.192447549809 7.98136874328 0.924059378381 0.251974167011 -0.173791859685 0.530511783975 0.790482546126
0.0841037715971 7.98339010122 0.93303403016 0.260128002096 -0.164741112931 0.556765117831 0.771496203362
-0.0259105898805 7.97925455686 0.948118590151 0.277876446782 -0.162859985399 0.568081817121 0.757327111977
-0.129625960223 7.97124732456 0.960467608862 0.27752136277 -0.153383256371 0.593701799854 0.739576664533
-0.228246607846 7.95313694354 0.962043407287 0.281800078635 -0.150204449516 0.620602824724 0.716156039541
-0.325283564536 7.9281217294 0.954195022853 0.289693614869 -0.152668556881 0.63523502264 0.699461498051
-0.426106559544 7.89765860461 0.939819049341 0.291127137699 -0.144295287894 0.655993354926 0.681246341553
-0.525461767149 7.86249064875 0.926069210618 0.290868031218 -0.135062413724 0.671551630434 0.667961331572
-0.623293744352 7.82419398631 0.916813273325 0.290022439277 -0.127716373609 0.685746162623 0.655231037937
-0.713008851501 7.78686628939 0.910268573272 0.290865109205 -0.115561151656 0.696244440113 0.645977389765
-0.793594993229 7.74503053547 0.89600590908 0.298395276252 -0.116154642389 0.711007282984 0.626048721511
-0.869374041795 7.70087887335 0.871406864381 0.300773624872 -0.118819349832 0.725790602274 0.607161585032
-0.942198091917 7.65501356464 0.834805055327 0.300782083966 -0.106140231613 0.745767660452 0.584888866215
-1.0164148909 7.60547124964 0.791488944352 0.300969208288 -0.0907444287807 0.766434551608 0.560143787263
-1.09299776394 7.55064779761 0.748300723322 0.303181546652 -0.0804617342751 0.784356617196 0.535155637313
-1.16541180733 7.49288254288 0.710345873306 0.304771482722 -0.0694975632844 0.805613508874 0.50326067434
-1.23226122947 7.42911330934 0.6714799483 0.298669150706 -0.0616997250909 0.828127164724 0.470314024229
-1.28667987892 7.36514288126 0.626284087204 0.287455087475 -0.0528442870101 0.852310345944 0.433755839398
-1.33405722105 7.29573809211 0.576508235666 0.281806132202 -0.0597212014224 0.866334048132 0.408024507845
-1.37499206059 7.2248669799 0.52695522569 0.280159505475 -0.0545936477868 0.878124205365 0.383963624663
-1.41545072124 7.14327250976 0.480451848432 0.273413588542 -0.0511095402957 0.889672490551 0.362098997581
-1.45064132577 7.05974440893 0.445188881217 0.26054237024 -0.0445475933496 0.899429214881 0.348080842126
-1.48076514483 6.97420771404 0.4198008432 0.250512368146 -0.0318578126656 0.909985486317 0.32886934772
-1.50882579454 6.89063153112 0.403173615239 0.243016236778 -0.0313064048755 0.915932235612 0.317853987615
-1.52985696307 6.81087548405 0.388938035773 0.238115022187 -0.0263162034846 0.923400416972 0.299900589495
-1.54973691568 6.72857340034 0.372827557192 0.227032571429 -0.020607839579 0.931994585138 0.28181132293
-1.56887841931 6.64197230286 0.355925612433 0.219045638224 -0.00282762470787 0.94038824292 0.260155656273
-1.59534266881 6.54957967413 0.348170994289 0.198516818942 0.0129899144049 0.949147230721 0.244012026621
-1.62250124375 6.45769958459 0.354393019516 0.185161772947 0.0311668557799 0.95573767805 0.226515420435
-1.64567171355 6.36476745912 0.369333831648 0.177616951325 0.0392083388467 0.960502436932 0.210594381251
-1.6572201 6.27677314014 0.385003948151 0.173962821971 0.0474330031558 0.964497965999 0.192952637629
-1.66570485605 6.18701943439 0.396547072508 0.169659328624 0.0362280720088 0.968059026666 0.181010938617
-1.67338689168 6.09643437588 0.399257018011 0.160406232067 0.0361308880553 0.970304710968 0.177406785427
-1.68178976975 6.00201272167 0.398634778834 0.143304842067 0.0516705270245 0.973035948994 0.173190417869
-1.69195286684 5.89889733443 0.403863985761 0.123070862488 0.0543214257834 0.975408372217 0.174588810974
-1.70205716951 5.8040193106 0.419402752474 0.108477867873 0.0584781361981 0.975919036996 0.179985813324
-1.7187935837 5.71655391672 0.444526123437 0.0997099276598 0.0599994272053 0.975567117736 0.186351275428
-1.7405636343 5.63061891548 0.471092675856 0.0845736156126 0.0452952745843 0.977775935863 0.186413145702
-1.76502303076 5.54944334377 0.494293692834 0.0728214525259 0.0447862566765 0.978514902613 0.187616131047
-1.79477963411 5.46664343362 0.510221841538 0.0694777544358 0.0518244158615 0.978224363606 0.188584638839
-1.83609577378 5.37920116115 0.526616622936 0.0589694313106 0.045233730716 0.977420817892 0.197800557452
-1.8833909013 5.29444854425 0.549084279463 0.037849953617 0.0620781978747 0.978170692668 0.194668370221
-1.92947575187 5.19984885249 0.579659914559 0.0220852718012 0.0476909924064 0.980501916753 0.189351000148
-1.96576392513 5.10783540598 0.613662972104 0.0201470948282 0.044086014948 0.982501593307 0.179836417351
-1.99487333184 5.01815085176 0.641909885154 0.0205034963026 0.0367184119332 0.984704607732 0.169080455333
-2.01887153811 4.92349595423 0.659483714526 0.0155134625259 0.0305515232678 0.987354603103 0.154779923242
-2.03686847116 4.82312810644 0.668858444186 0.00290253075981 0.0402490681334 0.990618180518 0.130564958
-2.04789316279 4.72205439276 0.677764279927 -0.010487140653 0.0447737914358 0.992408652061 0.114063117598
-2.05656921269 4.62051951076 0.692500591676 -0.0246739836501 0.0459214779914 0.994010925511 0.096045262014
-2.06262886086 4.52344160511 0.712011270438 -0.0361515752141 0.0420972009321 0.99465210509 0.0871095811178
-2.06666148644 4.42962010414 0.726299141238 -0.0532929499855 0.0339619190841 0.995908626519 0.0645945598206
-2.06912224332 4.33669291108 0.734856246835 -0.0645448555501 0.0270417170718 0.996026109521 0.0550880777729
-2.07517226715 4.24151412052 0.736299141849 -0.0776512126493 0.0324769966115 0.995394618958 0.0458812207286
-2.08564073428 4.13975085916 0.736802494891 -0.0898335109989 0.0380193518908 0.99465939262 0.0337218305441
-2.09994126605 4.03944690245 0.739522704555 -0.110239950079 0.0485385832258 0.992533856554 0.0191755818406
-2.11491105804 3.94298160922 0.746854924719 -0.122688304045 0.0557231946401 0.990773528262 0.0145024592904
-2.12593348491 3.85546662298 0.756125529519 -0.123295233407 0.0621625349716 0.990227353506 0.0195931884224
-2.13262758095 3.77020748611 0.762705132164 -0.117631658971 0.0583449279483 0.990921286734 0.0288732694341
-2.13658663922 3.68397657282 0.760404263046 -0.104921722294 0.0637750084748 0.991769552133 0.0362951229021
-2.13981805105 3.59342184449 0.748689762381 -0.0960271918133 0.0658450384805 0.991361526462 0.0603782509692
-2.14405678423 3.4956077458 0.732946480681 -0.103558999815 0.0738406553873 0.988453546337 0.0823570148931
-2.14644049158 3.4005658153 0.72513822079 -0.0948889013644 0.083243459038 0.98712503808 0.0982383943312
-2.15285645737 3.30726835018 0.726068511082 -0.0784829156102 0.0962568140867 0.98383250104 0.129029715947
-2.16242098447 3.22031163085 0.72211833229 -0.0652332962577 0.102043893985 0.980607227987 0.154081553662
-2.17490851512 3.12984772199 0.71303628161 -0.0419617352164 0.10262576885 0.976370024117 0.18549593082
-2.19072823219 3.04008967502 0.695193426694 -0.020005358219 0.113710418572 0.97128470238 0.208028251144
-2.21040644086 2.94224411727 0.67651723601 -0.00919353989536 0.123738633374 0.966099295928 0.22639871873
-2.22895390081 2.84295549914 0.66910465548 0.0030767449125 0.139730387475 0.959021704338 0.246461605662
-2.24844456105 2.74006214668 0.677183074211 0.0228235778363 0.134968427459 0.953053564489 0.27009537408
-2.2637171639 2.64796277763 0.685660040106 0.0334497611147 0.139120890174 0.946118467701 0.290493264075
-2.27414851194 2.56411989757 0.693965868867 0.0561850497203 0.150089639544 0.935734848686 0.314192032433
-2.28345135943 2.48150680794 0.7004753624 0.0793339120659 0.146949802841 0.923690351107 0.344830423704
-2.29042564353 2.39817602034 0.703167519303 0.0957020400131 0.143401005043 0.909715810789 0.377749142805
-2.29780284328 2.31449002234 0.706986553268 0.0993796347137 0.120827782025 0.896015600422 0.415548287322
-2.30592747911 2.23198382157 0.715098725293 0.0932586658687 0.099800114319 0.88762278071 0.439850608261
-2.32269450131 2.15678615189 0.727357918353 0.083389967978 0.0751485168336 0.877068300055 0.467065317377
-2.34322650979 2.0915200386 0.734664323724 0.0779257794618 0.0508266319246 0.868978926476 0.48602453819
-2.36556846553 2.03038293018 0.735287775976 0.0833022758182 0.0254020728256 0.862430931082 0.498626468063
-2.38962439468 1.96817750552 0.729560332832 0.0889388949765 0.0080970388245 0.852041767461 0.51579951282
-2.4178141963 1.8992770101 0.717137104751 0.0851200170585 -0.0115084855644 0.85411055716 0.512949601427
-2.44383869922 1.82455951378 0.701103279229 0.0766927199777 -0.0330170510896 0.853223143875 0.514818771798
-2.47543801429 1.74318217291 0.687291698266 0.0510565208062 -0.0658071359999 0.850175378174 0.519869674901
-2.50391445194 1.66041230571 0.674726350103 0.0186970487956 -0.0862222443289 0.849495213693 0.520167306606
-2.52415568189 1.57633315225 0.663049304737 0.0018190477373 -0.0935581868566 0.850130028186 0.518191559091
-2.53999572496 1.48627581427 0.647893994918 -0.0120308907269 -0.100211458532 0.854873037355 0.50892534939
-2.54925425951 1.39128291371 0.631926300919 -0.0273006138116 -0.0927222503501 0.859433634895 0.502026979341
-2.55082398707 1.28770393601 0.615716934943 -0.0589164158243 -0.082919128435 0.861867976601 0.49682679577
-2.54578501396 1.18139187901 0.608536459248 -0.0823819713633 -0.0758704281024 0.857378963823 0.502352666289
-2.53935111252 1.07842081669 0.615109526272 -0.0782028167915 -0.0733143173986 0.860302147454 0.498386943444
-2.53815645201 0.97743545026 0.629837967941 -0.0658226547368 -0.0794758794439 0.862708020338 0.495061445029
-2.5433882942 0.876490713511 0.642377544503 -0.0608668047159 -0.081814869471 0.868324518738 0.485400957328
-2.5515019131 0.769330231182 0.646499150372 -0.0515756047371 -0.0775294690705 0.87502354112 0.475039936119
-2.56603115094 0.660345432168 0.643431052872 -0.0326049785616 -0.0598891062524 0.880611888596 0.468906080136
-2.5881287459 0.541979931964 0.638997870111 -0.0214935599539 -0.0602435330001 0.889689624146 0.452063177332
-2.60875659484 0.419100519283 0.639503439377 -0.0221849380933 -0.0548437703653 0.898001905559 0.43599606304
-2.62719229326 0.297953452247 0.646005044574 -0.0283632729326 -0.0542767190567 0.905500302847 0.419903279413
-2.64549312421 0.176997205276 0.653685709051 -0.0293888918359 -0.0572226827306 0.915850228074 0.396333467365
-2.66173694 0.0564620798864 0.660070631981 -0.019400184686 -0.0646807759747 0.922838336052 0.379222145406
-2.67394164895 -0.0605395268212 0.660293798867 -0.0067437437175 -0.0564062006724 0.929617274778 0.364121662197
-2.68442979688 -0.175673932545 0.65801912608 0.000199713161095 -0.0418145859794 0.933798018056 0.355348789205
-2.69738521026 -0.29295756237 0.660165124636 0.00486936009005 -0.0349248976623 0.935889865583 0.350523466196
-2.71274323274 -0.40675626745 0.671601149535 0.0243591580355 -0.0296636072075 0.938994972696 0.341782303636
-2.73381202745 -0.518837216564 0.686847489127 0.033760116665 -0.0343223966713 0.939438176515 0.339320114517
-2.76018112105 -0.628054284444 0.694525352502 0.0228903598325 -0.0310441380194 0.944743377919 0.32553378135
-2.78746392152 -0.73663121511 0.693212615386 0.0255743727761 -0.0289627498091 0.94720915578 0.318279634578
-2.82203451688 -0.84805772105 0.685743559098 0.0330482295285 -0.0187393601755 0.951843886363 0.304220096145
-2.8575839235 -0.961378344352 0.68205815915 0.0469210959526 -0.00795308608051 0.957773219131 0.283558847318
-2.88739110336 -1.06881002436 0.686214453475 0.0585400600536 -0.000723140292374 0.964629821199 0.257024991958
-2.90425011639 -1.17552722697 0.696630830368 0.071876888294 0.00571535595673 0.973122952875 0.218707032864
-2.90602186521 -1.27822321072 0.704826437565 0.0890780392528 0.0145206073777 0.980556455772 0.17425065833
-2.89655740235 -1.37987004198 0.703322331085 0.101623138274 0.0231016310463 0.985410749702 0.134553731949
-2.87725740148 -1.47762339836 0.691601108772 0.109257924387 0.0360989189582 0.988995821052 0.0929883861031
-2.84869230952 -1.58229060503 0.675971458642 0.11831340861 0.0481718590269 0.990336802495 0.0539854328951
-2.81727445428 -1.69026175113 0.665227631817 0.125808685606 0.059713189424 0.9900454758 0.020407485974
-2.78219799981 -1.79638069731 0.663171047317 0.124565061941 0.0646530100695 0.989944805645 -0.0176865883838
-2.74491498087 -1.88816978138 0.662743956524 0.122486629255 0.0666710256171 0.988985076323 -0.0496036168817
-2.70272225505 -1.97458607888 0.657739665087 0.118821333576 0.069668514944 0.986543996612 -0.0880836617139
-2.65674829366 -2.05991431597 0.64453772177 0.123010350027 0.06985840857 0.981721205474 -0.127325297015
-2.60597353685 -2.14781204215 0.627968247614 0.132060411947 0.0758551407655 0.973749633857 -0.16916765583
-2.55637886927 -2.23677837951 0.617801503807 0.128927426268 0.089168307754 0.964241828257 -0.213692368342
-2.50729874328 -2.32189788059 0.617839584716 0.127140204256 0.102660910988 0.95351118194 -0.253204525498
-2.45232068873 -2.39751402852 0.622608674933 0.13376807352 0.107571956977 0.939490515006 -0.296465763271
-2.393299752 -2.46108821712 0.622914251052 0.130737312441 0.108341415292 0.924005278751 -0.342613685817
-2.33130268669 -2.51643608872 0.6148058154 0.127588930168 0.10718458835 0.908960190627 -0.382130737802
-2.26634497076 -2.56669054093 0.598585327403 0.117918312249 0.114305945685 0.896029666765 -0.412504858994
-2.19285057673 -2.61683100928 0.584954213534 0.109227870353 0.124591592455 0.884421638455 -0.436284967493
-2.11661296654 -2.66737501274 0.580389467664 0.105034718286 0.124790476481 0.876983988503 -0.451989080447
-2.03983274977 -2.71621834656 0.586043340839 0.0982918761449 0.125182194452 0.869041896598 -0.46843815732
-1.96424015301 -2.75992042296 0.593722079695 0.097573273002 0.114252870235 0.858826614897 -0.489737259747
-1.88954763005 -2.79617633506 0.597085100577 0.105499638023 0.106319656941 0.846842584994 -0.51031714959
-1.81341841794 -2.82992549867 0.591915299363 0.101464470185 0.106508058437 0.833146965061 -0.53312956154
-1.73325569249 -2.86598002644 0.582709070319 0.0820751721814 0.113258612419 0.81781934436 -0.558218302115
-1.64387429261 -2.90362723989 0.578571066313 0.0821307513167 0.118037369839 0.80324780031 -0.578026548099
-1.55537448797 -2.93957470634 0.581967797591 0.0802303238968 0.132054667991 0.785495470242 -0.599267491208
-1.4649719375 -2.96943733358 0.588562910859 0.0766590635573 0.131290473134 0.763329384512 -0.627864993752
-1.38302608734 -2.98389243766 0.58759741423 0.0699517842226 0.131564026004 0.73984631834 -0.656067892969
-1.29651602168 -2.98669617086 0.577044356622 0.0702327359685 0.126929914669 0.714478896277 -0.684453114783
-1.20867298039 -2.97606836043 0.558989054849 0.0664022105784 0.127199247499 0.68235199861 -0.71680321418
-1.11752454724 -2.95431452073 0.540331196658 0.0543925120688 0.117279213574 0.645671132567 -0.752592737982
-1.03490938386 -2.92722912935 0.528802068031 0.0416459464718 0.113397346801 0.610258954665 -0.782937203824
-0.963342485751 -2.89701275639 0.526351239524 0.0449465940694 0.117005886191 0.57702846339 -0.807048684229
-0.901582863214 -2.86436192272 0.525130082539 0.0505047373413 0.107003478431 0.53752738706 -0.834903488596
-0.843370137654 -2.83115188955 0.522223451908 0.0498751557829 0.0965172363624 0.501221599994 -0.858471781493
-0.783076197389 -2.79895583798 0.513414702375 0.048029769756 0.0883262563516 0.464037988392 -0.880091108343
-0.716372772721 -2.77095065821 0.505746264904 0.0429544869453 0.0807672886076 0.428497104191 -0.898900321972
-0.647546008938 -2.75132070399 0.506250586593 0.0377192415168 0.0882600960361 0.402437890457 -0.910401646852
-0.574182563559 -2.73511087587 0.513551625489 0.0418291327202 0.0918139659426 0.377925690075 -0.920322058898
-0.507297115364 -2.71845337553 0.524089842048 0.0420419507213 0.092601661955 0.351200850039 -0.930760640291
-0.447073263976 -2.70282787336 0.530937152228 0.0424059587815 0.088969424143 0.337525766845 -0.936142367882
-0.384955892011 -2.68205588784 0.533472803764 0.0410533807331 0.084776636696 0.327173248979 -0.940258053384
-0.324024351555 -2.65701299889 0.530383496992 0.0381007657514 0.093042360871 0.324899184227 -0.940389265582
-0.257112361087 -2.62201128933 0.527363862941 0.0351607579292 0.0931348534395 0.319922947784 -0.942198985171
-0.113107833949 -2.54714612441 0.528769264759 0.0445018489724 0.0875193510302 0.321448856504 -0.941823009533
-0.0380689763638 -2.50935653249 0.532313166597 0.0495969803157 0.0757423209358 0.321456685707 -0.942586250471
0.034615760456 -2.47105989506 0.531427086235 0.0565449946464 0.0655027859123 0.31742666873 -0.944326404691
0.108694112881 -2.42698461787 0.526415431744 0.0586941248385 0.0636758614299 0.305049857423 -0.948390725844
0.186992487485 -2.37893555402 0.519311862754 0.0501816470151 0.0655611905216 0.290240998459 -0.953385386617
0.272869356922 -2.32760649029 0.517617752247 0.0477093611369 0.0721180285087 0.27506741825 -0.957528444612
0.361455936235 -2.27833514827 0.524652779598 0.0456121894956 0.0797891251074 0.264017034886 -0.960129277219
0.4489746945 -2.22722402425 0.537454875313 0.0464687983913 0.0864083198712 0.242846830628 -0.965090498289
0.523048422506 -2.18153262829 0.54854918562 0.0449934032526 0.0972024650334 0.232972019962 -0.966566765604
0.597536988853 -2.13188797673 0.553230988682 0.0507115362941 0.0954634763316 0.227725265362 -0.967706705717
0.67177281231 -2.0778068693 0.551220404474 0.0477304489314 0.0958941311468 0.222000418401 -0.969144949987
0.747468185131 -2.01397354857 0.54823028116 0.0436920999452 0.099645367399 0.218433356192 -0.969767327796
0.821376717017 -1.9573521042 0.550935272022 0.0306309730572 0.0967497262121 0.219366986118 -0.970350122053
0.901978420526 -1.89580153507 0.561809702421 0.0347297316688 0.093856052482 0.227086997247 -0.968718939028
0.981440807493 -1.83597721 0.574115522583 0.0430548701912 0.100357930744 0.234366613783 -0.965995266155
1.05874544865 -1.77713886212 0.58045515143 0.0480151186485 0.0965990673881 0.238383657059 -0.965161333979
1.13256961563 -1.71437927127 0.581559165746 0.0443286970261 0.102770227102 0.234359642089 -0.965685665836
1.20805709487 -1.64616246498 0.579675460992 0.036202953215 0.108978516846 0.22423899912 -0.967744749569
1.28383013197 -1.57847241495 0.582693919741 0.0261889277691 0.113716640064 0.211218736451 -0.970447995107
1.3586299925 -1.51061568501 0.592864221985 0.0252084110993 0.115015308602 0.196452041062 -0.973418003922
1.42214761243 -1.44371864301 0.606360544533 0.0233068882543 0.122133712511 0.174683832185 -0.97674239388
1.47625504973 -1.37960415393 0.613062948312 0.0250769191663 0.118878441184 0.161427450559 -0.97937747705
1.52651021953 -1.31178030984 0.60983234636 0.0313484855527 0.110584796085 0.149664032494 -0.982033071086
1.56721363467 -1.24035307643 0.600313916875 0.02869345559 0.116094636678 0.137827115939 -0.983210255771
1.60665032653 -1.16164033053 0.59302050064 0.0300833620013 0.115005161125 0.127036383486 -0.984748984014
1.64529182387 -1.08161330475 0.592698407016 0.0329040401763 0.114837272076 0.12453012123 -0.984998463952
1.68327039572 -0.998733463419 0.595156644616 0.0517049884688 0.11068116428 0.120739309376 -0.985138717751
1.71778967451 -0.916396550344 0.590512977583 0.0733558458208 0.099631631472 0.108168277119 -0.986403609948
1.7452385876 -0.834300097534 0.577558994383 0.0948317198177 0.0998935507777 0.0945931306258 -0.985941358838
1.76915733078 -0.749673319163 0.559167567229 0.103051878008 0.102360124872 0.0708238077902 -0.986856982306
1.79105784534 -0.662619508827 0.541298488489 0.098867569654 0.11115850662 0.0476409528352 -0.987724318669
1.81469232403 -0.570590328717 0.530330210998 0.0932300758309 0.119832551992 0.0255210086267 -0.98807742134
1.84086370632 -0.480820198942 0.530159019654 0.0829372593907 0.122621064829 0.00615388302457 -0.988962898793
1.86148590782 -0.392526856512 0.538361664271 0.0754289066267 0.120930340278 -0.0145710319022 -0.989683796914
1.87415368016 -0.318551657042 0.547235712068 0.0668881352007 0.125794581868 -0.0272691717974 -0.989423111117
1.88567968796 -0.244389016354 0.551817021618 0.0632045696548 0.123656546173 -0.0336544716906 -0.989738156028
1.8989857252 -0.170167508762 0.550521438031 0.0508686919657 0.110454556278 -0.0318762755953 -0.992066565423
1.91274866645 -0.0903058193359 0.548225517217 0.0319050905001 0.0996964006168 -0.0166373953963 -0.994367080096
1.92588075922 -0.010933701011 0.549772215522 0.016132160792 0.0934743956244 0.000431339062079 -0.995490886296
1.94048385131 0.0699959845643 0.561381538781 0.00151265143593 0.0952922996655 0.0163838765286 -0.99531334669
1.96327133431 0.152409308544 0.576630628029 -0.00117241981977 0.0865743550694 0.0334240027849 -0.995683856711
1.9927604144 0.232363210173 0.585437616515 0.00769242718324 0.076524572004 0.0495715194768 -0.995804941191
2.02502819846 0.315092528139 0.583712455349 0.00816110974834 0.0763991390851 0.0661652988971 -0.994846079078
2.0661291531 0.407796788593 0.576814599172 0.000731417708229 0.0694126689368 0.0821862689305 -0.994196541745
2.11322722119 0.508949425815 0.5765776408 -0.00948189770028 0.0641012522132 0.096715822358 -0.993200469586
2.15851266986 0.608053001994 0.586467074723 -0.0184556382915 0.0706686162551 0.105068258646 -0.991779207847
2.19823892207 0.711224761532 0.602647868533 -0.017174194534 0.0733205698135 0.10029564077 -0.992103787679
2.23223106357 0.809453374228 0.615502466704 -0.0111900660627 0.074051670877 0.094263098788 -0.992726347323
2.26275393358 0.906941455208 0.621432444534 -0.00551252578381 0.0784798033545 0.0898109223524 -0.992846680385
2.28705116389 1.008006672 0.618215952265 -0.00524390444531 0.0858515592987 0.0847069893288 -0.992686625875
2.30758419645 1.11609551502 0.612653160742 -0.00789097509375 0.0895374519382 0.0814945136136 -0.992612422582
2.32397554295 1.22229096126 0.614125200686 -0.0198801281939 0.107526355496 0.0808578410507 -0.990709277698
2.33820112386 1.33119242687 0.624171750402 -0.013617826394 0.120217684556 0.0779636484417 -0.989587758941
2.35049161019 1.43282952905 0.634183727096 -0.0106974397693 0.114128708118 0.069803727224 -0.990952896172
2.35795270454 1.52302716097 0.636963942595 -0.0032939951498 0.107717857226 0.0620586308368 -0.992237239358
2.36385828136 1.61584149328 0.633031201101 -0.005694630257 0.110718568234 0.0544961475448 -0.99234023386
2.37189735178 1.71610885975 0.628432645688 -0.0163453009689 0.115314092156 0.052870291376 -0.991786380011
2.37868530578 1.82358731649 0.629555103374 -0.0227643059747 0.119437980517 0.047761259863 -0.99143089383
2.38222979645 1.92525544771 0.635708146607 -0.0371250340744 0.125457675991 0.0376059682161 -0.990690614942
2.37892005929 2.03069109275 0.645531706757 -0.0301769952169 0.132718278735 0.0195882887898 -0.990500634221
2.37017409069 2.12886598379 0.649408788433 -0.028360173243 0.136871274655 -0.000668359597351 -0.990182562987
2.36061524533 2.2314711947 0.644453844291 -0.0196102025048 0.132552762451 -0.014683023147 -0.990873157349
2.34563437827 2.33535051619 0.636080014441 -0.0236159848738 0.137334500749 -0.0245477664998 -0.989938850294
2.32592994076 2.44625763421 0.634086834058 -0.0363400003786 0.143147517648 -0.0350894020633 -0.988411314396
2.30850461017 2.54729704261 0.640043726453 -0.0507993959133 0.147590518548 -0.0339016134993 -0.987161152402
2.28986260153 2.64963308224 0.651781877147 -0.0559786980072 0.151907204853 -0.0268865391508 -0.986441939749
2.27619649211 2.74575875439 0.655190524644 -0.046946462491 0.149525368477 -0.0320474311976 -0.987122665121
2.25919517315 2.8422374054 0.648570688049 -0.0361007919182 0.153480020795 -0.0393662045123 -0.986707108509
2.23925396497 2.93755942332 0.630028567784 -0.0410966898594 0.15452289063 -0.0583815466505 -0.985406176845
2.2150235786 3.04411278034 0.609181916939 -0.0457186971529 0.154475693185 -0.078504698009 -0.983810994722
2.18846469196 3.15328845275 0.594413494736 -0.0497385576461 0.152274740387 -0.101316494136 -0.981872419075
2.15980282427 3.261077314 0.587937221753 -0.0464674224017 0.15043808606 -0.12807471841 -0.979186410967
2.12286730799 3.35791924752 0.583288629631 -0.0441037665031 0.147325431673 -0.159824407822 -0.975092935892
2.08118075284 3.44478552742 0.575410640768 -0.0376651087051 0.148813762609 -0.183203257979 -0.971016153269
2.03891808386 3.5275301512 0.561679612994 -0.0403341684783 0.149657538518 -0.203647709112 -0.966697153503
1.99109409428 3.61115410469 0.540969555101 -0.0501149706112 0.14201181786 -0.214981055918 -0.964937448183
1.93609839513 3.69966356726 0.524517642097 -0.0542201122143 0.139131474804 -0.22513744037 -0.962816568768
1.88408527238 3.78540426057 0.517177419854 -0.061712020784 0.129805208077 -0.239302611317 -0.960248142234
1.83460864677 3.87152961398 0.520093232684 -0.0559058650284 0.129130916942 -0.241708691172 -0.960092000361
1.78903548583 3.95729205627 0.528786665137 -0.0363483285629 0.117805677127 -0.249390962467 -0.960523174779
1.74450931428 4.03966835195 0.540335348981 -0.0268060210664 0.101568103816 -0.255442466871 -0.961100673
1.6965501274 4.12953651045 0.553435158971 -0.0167158919014 0.090219935454 -0.260761814413 -0.961032891398
1.65007061628 4.22396797888 0.570786726043 -0.0209114777988 0.0687943868323 -0.276013452013 -0.958460545221
1.60158215794 4.3220796876 0.59360498823 -0.0215398708715 0.0568904102493 -0.291395723342 -0.954666458823
1.55404411185 4.41557423992 0.622607579816 -0.0199015930691 0.0607963718384 -0.31165099062 -0.948040815477
1.50336276948 4.49759187286 0.654374943783 -0.0285894332883 0.0632317023696 -0.332119105568 -0.940681293445
1.45476879289 4.56731269517 0.679418167082 -0.0323894536497 0.0696767500057 -0.349884219783 -0.933636495938
1.40357879673 4.63083449763 0.695355338912 -0.041920194489 0.081026115315 -0.35902531394 -0.928858595202
1.34639306935 4.69591033239 0.700615321341 -0.0500684293574 0.0860435453249 -0.368219524136 -0.924393878569
1.2836531826 4.76192567816 0.699869009787 -0.0512714025075 0.0867634783034 -0.369691905988 -0.923672689195
1.219363668 4.82330261223 0.698508600339 -0.0586705781114 0.0850906582184 -0.372734365035 -0.922163996407
1.14897618992 4.88739983582 0.705909174228 -0.0650460850321 0.104286312879 -0.36754256322 -0.921849139496
1.08214802118 4.9494273738 0.711830291941 -0.0610106835296 0.11607919972 -0.372386433868 -0.918766379314
1.01543780268 5.00772428097 0.712094065334 -0.0528763185234 0.119274106845 -0.374792830293 -0.917882408992
0.941953621947 5.06598206562 0.707720432132 -0.0524717445031 0.117882282974 -0.384915805456 -0.913887469057
0.861257835209 5.12720327032 0.70096677096 -0.0607709878752 0.110860166463 -0.39212758065 -0.911182128346
0.770082314776 5.1925030309 0.701154058978 -0.073049033588 0.11031078409 -0.401990757285 -0.906034657539
0.677225526431 5.25266851423 0.707058614356 -0.0902985282766 0.0986361607768 -0.421795805645 -0.89677498957
0.568707706314 5.30894532182 0.720638916294 -0.0834573065815 0.0972245317031 -0.445147872367 -0.886242427409
0.465042043317 5.34366358589 0.731281083348 -0.0965656737979 0.097035435069 -0.470699369601 -0.871608454779
0.360720868358 5.36755605511 0.734308642584 -0.102018949738 0.103468288663 -0.494089224286 -0.857182760898
0.253347213868 5.37946058424 0.7286361392 -0.121408890375 0.106414390605 -0.510867918059 -0.844363564532
0.142607379754 5.37996676543 0.715409388354 -0.150101606423 0.0949577996204 -0.52883274235 -0.829932801291
0.0310591871349 5.36933255691 0.697152531033 -0.186650541315 0.0841392090662 -0.540942028591 -0.815759701522
-0.0866231407233 5.35611659409 0.678864728842 -0.2087855539 0.0741920243999 -0.559818851564 -0.798440348074
-0.200802197239 5.33969527227 0.663859023937 -0.231964827864 0.0603688436827 -0.572865286655 -0.783819676133
-0.306268908528 5.31617523676 0.640736844059 -0.254587424079 0.0487595888099 -0.595521467618 -0.760369599344
-0.414067203783 5.288834588 0.610250444699 -0.271622574972 0.0352572470212 -0.627717464171 -0.728662396774
-0.516454337415 5.25468750601 0.572133863702 -0.292470507484 0.0169117791097 -0.665622904963 -0.686382650107
-0.613471029592 5.21499624649 0.534309977126 -0.325901615038 -0.010394046312 -0.695865201391 -0.639884147803
-0.707351358444 5.17136433926 0.505960733861 -0.358922073028 -0.0233736641991 -0.720109450305 -0.593355708573
-0.791158067751 5.12410351962 0.485745098436 -0.382763974411 -0.04095041099 -0.745246297793 -0.5444472053
-0.861214362795 5.06915549169 0.47063572659 -0.382779441105 -0.0629773275727 -0.783614336044 -0.485244606385
-0.907879067924 5.00770036082 0.44762394478 -0.377804252723 -0.0902367822959 -0.820762788378 -0.418891053807
-0.935138328109 4.93893515558 0.423593896906 -0.376170717618 -0.110050614767 -0.852256230971 -0.346473332549
-0.947594823721 4.86195633839 0.401588686507 -0.368771663954 -0.124537977919 -0.876189677534 -0.284234763713
-0.946147051966 4.78300382856 0.382876047999 -0.354613142459 -0.140928530857 -0.895385114827 -0.229508528236
-0.935679763888 4.70097525499 0.373851138737 -0.342759854484 -0.159328274732 -0.908078855321 -0.180341275209
-0.918265670387 4.61819916671 0.37728902863 -0.335579690199 -0.17022996784 -0.916171161302 -0.137979827417
-0.89336934845 4.53487258361 0.392230322055 -0.32976806268 -0.172126706874 -0.92373363199 -0.0913323532346
-0.862966141205 4.46479385034 0.413964698786 -0.314513413458 -0.186058742505 -0.929535333491 -0.0492698780681
-0.825658312679 4.40469929053 0.439531457465 -0.301692247788 -0.200680133551 -0.931959834248 0.0126546027857
-0.782517442053 4.35039311362 0.470460721662 -0.297499159417 -0.204170376617 -0.930744473634 0.0593585061923
-0.735608051417 4.30239599534 0.502342131792 -0.295676313612 -0.209206758926 -0.925611314123 0.109780438864
-0.690613695735 4.2598805135 0.534990392824 -0.279862497525 -0.219534023904 -0.920081931311 0.164106777747
-0.646576653483 4.22039862853 0.568831212249 -0.252086650357 -0.21405576696 -0.916214970873 0.226235665826
-0.599674940004 4.18504595552 0.602280745673 -0.224114269627 -0.193337527735 -0.908063519947 0.296334335271
-0.545258016617 4.15513271927 0.639061274609 -0.182623331357 -0.169512036407 -0.902464342591 0.351386537462
-0.488172623401 4.13666053686 0.667348090065 -0.130748713162 -0.14694017343 -0.892430306045 0.406056040827
-0.425944276708 4.12302229821 0.689228081076 -0.091902457392 -0.114616527181 -0.878249720211 0.455076278191
-0.359624031263 4.11553126381 0.702676285629 -0.0696019986658 -0.0915464755834 -0.864006417752 0.490171107546
-0.287390351565 4.10632958437 0.707018317076 -0.056728425015 -0.0673086463467 -0.851210668242 0.517389437651
-0.212667486268 4.09296054505 0.70556486858 -0.0396458388469 -0.043267316907 -0.847140325455 0.528118751549
-0.140404295072 4.0751034397 0.703225608737 -0.00972261042922 -0.0299557399497 -0.84499358945 0.533848253981
-0.0696882172846 4.05056348032 0.701411948172 0.028422719727 -0.0060536278103 -0.838759289571 0.543726362017
-0.000629401748325 4.02189249051 0.706075391406 0.0547516970618 0.00924316191163 -0.838085747671 0.542705348396
0.0596831060718 3.99013630052 0.711739724416 0.0767830905794 0.0136127342084 -0.836990245283 0.541633067463
0.113587008948 3.95425829901 0.711308277189 0.0938467268919 0.0270057941319 -0.835663091291 0.540491144043
0.167340221876 3.91041351924 0.707065391482 0.111055351468 0.0409827033209 -0.845064043982 0.521396095601
0.220071911978 3.85979904045 0.696944540394 0.128323988241 0.0386336313644 -0.851919852808 0.506234096995
0.281403230153 3.80390781815 0.690357919702 0.138538374933 0.0352708338095 -0.853828968904 0.500538888412
0.349515658455 3.74809254011 0.697665201423 0.149907040843 0.0280710079854 -0.857711856444 0.490989072111
0.421047560212 3.69094135113 0.716953729659 0.158056302178 0.0252702386096 -0.861451291514 0.481955695817
0.489553653324 3.64158983899 0.736624933082 0.160715926701 0.0126117140983 -0.862231798414 0.480174615505
0.560969837537 3.59562286367 0.752507798523 0.149619000965 0.0102466324402 -0.869445300985 0.470716506688
0.635408399347 3.54546711702 0.759005934777 0.157135017857 0.00972803021074 -0.872402028443 0.46274037252
0.713221264201 3.495604818 0.759795166546 0.172841318644 -0.00213613190161 -0.876520073214 0.449259253398
0.794091540099 3.44094920244 0.76345927261 0.181391403965 -0.00458828875812 -0.883329442784 0.432209673289
0.872324077047 3.38449691513 0.773823670565 0.195021418682 -0.00414340687052 -0.888952859529 0.414381819063
0.943818478083 3.32270603091 0.792449774612 0.202461973067 0.00121104731335 -0.898975664793 0.388394692209
0.997353494672 3.25846358137 0.805674162443 0.212615234905 -0.00513291274125 -0.9073750791 0.362545005375
1.04555204298 3.18744968411 0.810641653113 0.21378713702 -0.00563598628108 -0.919761182842 0.329093698269
1.08880995519 3.1108793106 0.805879405365 0.214666459331 -0.0106632198769 -0.927920012011 0.304580134431
1.13640751929 3.02189409803 0.798391240208 0.22567286328 -0.0101257704709 -0.929098397375 0.292823147218
1.17787245601 2.93054819477 0.794723878432 0.235875000872 -0.00418759643036 -0.932978373489 0.271839663407
1.21572478125 2.83674125775 0.80178985355 0.237225954105 -0.00802997419198 -0.937650661945 0.253910618857
1.24773016641 2.74995774197 0.809718324036 0.233525244044 -0.0162821245914 -0.943080137732 0.236221731913
1.27698800226 2.66537538059 0.811577423298 0.225029806071 -0.0104126797336 -0.950146217744 0.215581370688
1.3050665212 2.58095931473 0.804295548275 0.230049408682 -0.0139165329254 -0.953635842351 0.193551749823
1.33872010736 2.49234920643 0.793086205573 0.231193752911 -0.0209201090731 -0.956444830084 0.176988939366
1.38004665958 2.39596066472 0.785987271394 0.226947941881 -0.0185863112137 -0.960522923793 0.159827699663
1.41342748998 2.30461053772 0.781140083254 0.234725160426 -0.0248246994784 -0.962946262283 0.130469649015
1.44233826454 2.2120063074 0.786938723859 0.238633745478 -0.0265595069388 -0.965415921725 0.10159048277
1.4627676455 2.12420697113 0.792682163673 0.233742693624 -0.0294478777309 -0.96847173393 0.08099182831
1.47917419311 2.03636232677 0.79580448763 0.225754243331 -0.030013377378 -0.971947242374 0.0587603338842
1.49097436918 1.94449622249 0.789709253414 0.224831765924 -0.0325660165047 -0.973066271025 0.0391428638957
1.49775770702 1.84646078053 0.782001902078 0.227706782044 -0.0452487938049 -0.972555024053 0.0154561722186
1.49936788794 1.74420231503 0.780406353001 0.227692033458 -0.05756244716 -0.972008088088 -0.00657109339215
1.49793792367 1.64201273052 0.787090410662 0.225397690592 -0.0631248648173 -0.971734330703 -0.0307168203326
1.49937426102 1.54835139325 0.795811784224 0.216376339059 -0.0745006162038 -0.972241125229 -0.0487660998474
1.50297999496 1.46024332771 0.80051549459 0.199140679492 -0.0718405053734 -0.974513430347 -0.074199094556
1.50589907576 1.36971218045 0.79602814524 0.193544090271 -0.076278243359 -0.973626373113 -0.0936696337668
1.51127003157 1.27958661165 0.785258404809 0.193303037283 -0.0904940042226 -0.969194131218 -0.122912598987
1.51956204471 1.18783988379 0.778372284822 0.18926309657 -0.098110082574 -0.965143284659 -0.151829944516
1.52627865495 1.09663435896 0.778832850851 0.191743057168 -0.10574761435 -0.957742111881 -0.186499568944
1.52558764022 1.00818059548 0.78670792004 0.187004801093 -0.111143047177 -0.949702698333 -0.225258101324
1.51720705273 0.930562808617 0.789732102676 0.180190602774 -0.116367357037 -0.942407242749 -0.256629253402
1.50267755316 0.848033597939 0.787714690144 0.172391142796 -0.109109636359 -0.936126040843 -0.286433965853
1.48483531114 0.764556760324 0.78021433413 0.16666594854 -0.121641039881 -0.927123203832 -0.312839389991
1.46235114397 0.67189024966 0.770836295257 0.17289114247 -0.135043353251 -0.915337106241 -0.337683176271
1.43660818862 0.577479315422 0.767474427727 0.173313631508 -0.145698363334 -0.905411955025 -0.359114972888
1.40919643306 0.478329776703 0.773842895969 0.169472688454 -0.148214764377 -0.897924545388 -0.378210129794
1.38574102748 0.390501967183 0.778877900454 0.165550939026 -0.151009119472 -0.8937196514 -0.388657068797
1.36366485042 0.306423230818 0.78113199045 0.155239344054 -0.151050955513 -0.883815349891 -0.414674308577
1.33746353902 0.221186660649 0.775252089445 0.155234696214 -0.156286923333 -0.873509877416 -0.43411643685
1.31253121352 0.133982082036 0.762843158068 0.151145367622 -0.166334374601 -0.857764552469 -0.462307177319
1.2880120163 0.0495659870572 0.750497431838 0.151772692948 -0.170460605067 -0.844966669393 -0.483672988093
1.26131087094 -0.03653961506 0.746071865756 0.152961125046 -0.167411627312 -0.827536018168 -0.513576070217
1.22730052594 -0.113536345819 0.746724770294 0.149095616428 -0.164382989309 -0.809310709686 -0.543842720992
1.18780934719 -0.1792924243 0.745266637671 0.140455000483 -0.154541313213 -0.793721436324 -0.571310473271
1.14188786884 -0.241514269645 0.741231711204 0.131716162501 -0.151189151139 -0.781533998094 -0.590759936808
1.09349576551 -0.301806300398 0.72993012392 0.120506441231 -0.164163566146 -0.767346209341 -0.608036443136
1.03729336005 -0.362906091947 0.721176353032 0.111941600435 -0.170984921332 -0.757595568943 -0.619904983597
0.978380672726 -0.428108384114 0.720762205722 0.101805562956 -0.171703931488 -0.750752044486 -0.629702116053
0.916106493779 -0.490438361864 0.72762633048 0.114195002147 -0.179584596666 -0.740068463398 -0.637971428521
0.861423877234 -0.54332730202 0.736336465306 0.110527195811 -0.183499735236 -0.730503255716 -0.648441654694
0.812605258083 -0.588936972411 0.73927936732 0.0944540566418 -0.178890119897 -0.715979723285 -0.668168984638
0.763403293492 -0.63220712533 0.733339866689 0.0888404064605 -0.170793936912 -0.69531844145 -0.692437057265
0.713288485314 -0.676191783785 0.72365707126 0.0879534130411 -0.173891436124 -0.668939716248 -0.71731835443
0.665364428433 -0.719939639095 0.715800415542 0.0866427739127 -0.178137300362 -0.635428330968 -0.74631827537
0.618231324777 -0.760181955103 0.713003115129 0.0831909341396 -0.177959684799 -0.602248992732 -0.773760796252
0.571040807795 -0.793912850318 0.713851896354 0.0805089801799 -0.174553283087 -0.566052306897 -0.801644710162
0.528732998666 -0.816853116919 0.710450100644 0.0695016489474 -0.166528499292 -0.538713349371 -0.822937243613
0.483538527975 -0.830804552381 0.704618380057 0.0602356847324 -0.15637596107 -0.509077035905 -0.844250432394
0.436893540423 -0.836147838501 0.694926667536 0.049490546403 -0.152619788027 -0.48066669379 -0.862100583227
0.388651841073 -0.836323302178 0.685720465737 0.0315325635319 -0.155492607807 -0.453063595431 -0.87724633077
0.336668873171 -0.832133088843 0.680160227202 0.0263710338445 -0.148675245945 -0.426585160692 -0.891754080728
0.283883532723 -0.825338133967 0.678757506898 0.0302225871883 -0.139846728228 -0.399295742095 -0.905589530733
0.240785839643 -0.815395532963 0.677892924083 0.033807687 -0.137639839055 -0.37129071845 -0.917635830489
0.208378674215 -0.807182298626 0.676763969226 0.021150620371 -0.128725633029 -0.336936325009 -0.932446392855
0.179498926306 -0.79720997081 0.674222665636 0.00801572220821 -0.108226121088 -0.299460412393 -0.947916829855
0.154826990432 -0.783965812371 0.668584267467 -0.00219678114413 -0.101137690743 -0.258428672896 -0.960718982163
0.133087935862 -0.772685893163 0.664460007432 -0.00837431617174 -0.0939578517051 -0.213590402564 -0.97235843847
0.113995379914 -0.76103838001 0.664438170973 -0.00904976605452 -0.0857157699234 -0.167039540538 -0.982175493696
0.0989915245549 -0.744770857036 0.665806012203 -0.0121253690153 -0.08203918053 -0.130653425017 -0.987953557013
0.089717924288 -0.726394047624 0.666679398523 -0.0214338040389 -0.076145335979 -0.0991635218158 -0.991921910129
0.0830309808214 -0.695152307268 0.670894013873 -0.0210111781782 -0.0675507088023 -0.069777566301 -0.995051015463
0.0789815502277 -0.65497729385 0.676219574884 -0.028380703384 -0.0650903054137 -0.0525401804023 -0.996091018562
0.0746017757057 -0.612880289512 0.681998745147 -0.0436587889965 -0.0553603178371 -0.0411867308468 -0.99666082423
0.0729840535059 -0.567408750636 0.686065621155 -0.0460631769933 -0.0402120438531 -0.0321519655673 -0.997610859185
0.0710902472235 -0.525816845668 0.684876934156 -0.0478791303118 -0.034885432513 -0.0309136798062 -0.997764972265
0.0659369470415 -0.48841438027 0.680598639274 -0.0445407892672 -0.0184332132826 -0.0285781228422 -0.998428578134
0.0612066134593 -0.451444863506 0.669548474691 -0.0411146881439 -0.00289971624334 -0.0289644305965 -0.998730311858
0.0566491326372 -0.412043154135 0.64903181066 -0.0419370783011 -0.00513699552932 -0.0321378844941 -0.998590030553
0.0463307521885 -0.371601008613 0.617730210967 -0.0392084175427 0.00224036966342 -0.0360408188729 -0.998578359525
0.025323823063 -0.334609074202 0.571868720181 -0.0555287182271 0.0278907528703 -0.0205067830779 -0.997856772891
0.00238408070237 -0.287091041687 0.514879497109 -0.0686532835911 0.0321784638562 -0.0102864796484 -0.997068433686
-0.0185939397367 -0.226463467712 0.454997122137 -0.0514596405411 0.0422604321547 0.000472973501595 -0.997780405483
-0.0366045816384 -0.168947134457 0.387639908579 -0.0354793191335 0.0443073603603 0.000942371009701 -0.998387293423
-0.0506644184216 -0.114648033935 0.314798747195 -0.0116081628736 0.0535233812479 -0.00706881529034 -0.998474100848
-0.0565411725672 -0.0707450681799 0.243174805633 -0.0119881351325 0.054250470707 -0.00471258781839 -0.998444271134
-0.0586735217484 -0.0261814234468 0.176962034061 -0.00286530232426 0.0566498684927 -0.0186322452011 -0.998216119826
-0.0586118674308 0.00990607790085 0.120990281063 0.00635936786324 0.0536254401165 -0.0267194762746 -0.998183319937
-0.0550998830948 0.0364356393313 0.0750338789436 0.0129792637805 0.0448123506697 -0.0145935078416 -0.998804496119
-0.050046057847 0.0538939371799 0.043299008522 0.00110267256137 0.0400175094179 -0.00965810259954 -0.999151692241
-0.0472474391313 0.0683588008149 0.0189547418166 0.00916285042715 0.0416058333219 -0.00998048920797 -0.999042234663
-0.04409076645 0.0767750432554 -0.000498140634767 0.0142849235007 0.0382045403758 -0.0117229177929 -0.999099057778
-0.0396019109449 0.0786676931181 -0.0128906894157 0.0129160300255 0.033110339922 -0.00819957574253 -0.999334602881
-0.0359574313634 0.0772251172514 -0.0223765102608 0.0101891888818 0.0380887875467 -0.0128223506738 -0.999140136325
-0.0309807755736 0.0720043496175 -0.0297888462147 0.00319605051717 0.0340207501789 -0.0105729184586 -0.999360088864
-0.0267530484203 0.0670843188578 -0.0395947108814 0.00803098818402 0.0290242198287 -0.00984184842417 -0.99949799195
-0.0258839360459 0.0611417263809 -0.0514607980068 0.0136500636532 0.0257548168213 -0.0152365970083 -0.99945895928
-0.0242823824884 0.0544688389916 -0.058327352309 0.010634255166 0.0147415162792 -0.0110396618885 -0.999773837515
-0.0185271884883 0.0471627265016 -0.0549501642975 -0.00991768165413 0.0070999490321 -0.00699858266457 -0.999901120189
-0.013504678826 0.0480414305787 -0.0540587838636 -0.00176758254694 0.00444352564379 -0.00305140718363 -0.999983909694
-0.0181923599994 0.047325240006 -0.0520437731729 0.00853176791583 0.00965170588115 -0.00674524918701 -0.999894271972
-0.013396575838 0.0458154202843 -0.0524157249084 0.00747490491437 -0.00157060623803 -0.0087417534488 -0.999932618099
-0.0133104569995 0.04413580433 -0.0502728106231 0.00643223695798 -0.000554348212786 -0.0067199044737 -0.999956580012
-0.0149221025786 0.0466978286017 -0.0483013059861 0.00934777535897 0.00113041476086 -0.00744473440053 -0.999927955999
-0.013981968706 0.0515424129284 -0.0471692273597 0.0116688720157 0.00163337148279 -0.00708765454084 -0.99990546287
-0.00956057729434 0.0596284707949 -0.0444473178295 0.0129211648675 0.00201041374026 -0.00702168566343 -0.999889842765
-0.00458251056092 0.0632858212515 -0.044145873127 0.0134547499729 0.0019522942162 -0.0065610215578 -0.999886049131
0.00222289206391 0.0631012516492 -0.0463203613577 0.0142567443482 0.00203585927888 -0.00614475768888 -0.999877413722
0.00906403720767 0.0563257099501 -0.0443472673212 0.0148453839037 0.00210572040493 -0.00584000435958 -0.999870529052
0.0143222589552 0.0467398401733 -0.0399904858277 0.0156074867473 0.00212348625598 -0.00543490962903 -0.999861169824
0.0136491470021 0.0413918575507 -0.0392464175165 0.016347150592 0.00221560585904 -0.00503506811947 -0.999851243859
0.00957106771923 0.039381567635 -0.0399690528646 0.0170683865656 0.00221182400527 -0.00459596435069 -0.999841314973
0.00520539166908 0.0391965990377 -0.0426371579293 0.0177492621488 0.00232245801917 -0.00417448018786 -0.999831057528
0.00744766192586 0.0342620222093 -0.040004296609 0.0182885003196 0.00237884574518 -0.00387323840226 -0.999822419169
0.0117023836276 0.0294424320059 -0.0363079783006 0.0188366404987 0.00244690413859 -0.0035719973658 -0.999813199788
0.0118504906437 0.0298245118111 -0.0389800083579 0.0194978173279 0.00252369407236 -0.0031843501042 -0.999801643328
0.00726214848711 0.0361030782924 -0.0430187872915 0.0200153825836 0.00256088112023 -0.002920922582 -0.999792125674
-0.00370215190867 0.0464729762994 -0.0481409349128 0.0224932651274 0.00336735103037 -0.00317887243277 -0.999736269594
-0.00639462396977 0.0484932454301 -0.0487409357981 0.0249162298938 0.00450184924312 -0.00350996474548 -0.99967324411
-0.00666749893104 0.0479647835279 -0.048839006643 0.0230360557315 0.00336697781557 -0.00326022352179 -0.999723649085
-0.00544162068578 0.0373151998483 -0.0483916917468 0.0199372228054 0.00211224294046 -0.00220014177813 -0.999796581787
-0.00918782456007 0.0443750158142 -0.0473558070801 0.0231452959596 0.00394211951769 -0.00106527532909 -0.999723771928
-0.0105553009111 0.0459469225943 -0.0475698062765 0.0215372595193 0.00215947762081 -0.00171604570289 -0.999764241357
-0.00695052565284 0.0445697632651 -0.0470350025237 0.0184839841591 0.00115368282617 -0.000727137226071 -0.999828226555
-0.00773385441455 0.0439133593057 -0.046950800526 0.0211407988013 0.00262961437099 -0.00177677870933 -0.999771471293
-0.00539505816147 0.039279021888 -0.0471949135278 0.0215224634741 0.00214350800858 -0.00157593478941 -0.999764825031
-0.00464679921991 0.0376564765886 -0.0472190362849 0.0223880915825 0.00219482513788 -0.00119061443574 -0.99974623707
-0.00227324643617 0.0332097611333 -0.0490690930139 0.0230951201667 0.00216911437872 -0.000736136965603 -0.99973064796
0.00157282099152 0.0281097838005 -0.0490155638771 0.0238617695885 0.00219206196121 5.77878018434e-05 -0.999712862515
-0.00374556655457 0.0272001120571 -0.047900143045 0.0250594370776 0.00190891961847 -0.000318652637652 -0.99968408965
-0.00879886799438 0.0322960038294 -0.0497006076247 0.0234153268963 0.000892583997339 -0.000589101298429 -0.999725251617
-0.015365613625 0.0397830627796 -0.0506055963194 0.0242258573181 0.0013845797322 -0.000696626185387 -0.999705309323
-0.0174449713385 0.0411944271907 -0.0513208874975 0.0220958977687 0.000344064204776 7.48055399552e-05 -0.999755793845
-0.0167090274785 0.0419416499162 -0.0525483135474 0.0258375229415 0.00118978774166 -0.00290196949747 -0.999661235312
-0.0135759638927 0.035746211084 -0.0543099465321 0.0236657142701 0.00134509736062 -0.00184335439472 -0.99971732341
-0.0150489493682 0.0360356834653 -0.0570848195343 0.0216967488677 -0.000365380660395 -0.00148680551284 -0.999763425514
-0.0160298156438 0.0387808492144 -0.0580885341467 0.0264339169956 0.00108300682691 -0.00358493867995 -0.999643548143
-0.0176856767311 0.036023638912 -0.0594570601056 0.022011023458 -0.000563472930343 -0.00264852655161 -0.999754061083
-0.0144282133372 0.0326140855689 -0.0599217611975 0.0192188245979 -0.00184612180419 -0.0023018134895 -0.999810947265
-0.0147846754916 0.0342379640391 -0.0604094028225 0.0226899549419 0.000153492860813 -0.00256829695809 -0.99973923912
-0.00808623071636 0.0497243377433 -0.0617350126676 0.0182590691111 -0.000682052526867 -0.00322115947382 -0.999827867851
-0.00761591566552 0.0569434545489 -0.0622353410144 0.0201250251915 -0.000302380881097 -0.00441699121395 -0.999787668515
-0.00908349017158 0.0666945664462 -0.0623860303424 0.0212878249439 0.000439308617187 -0.00802621535941 -0.999741074171
-0.0115110831503 0.0792493470713 -0.0628974162008 0.024663616317 0.00190138558698 -0.0149908646696 -0.999581594838
-0.0166863788645 0.0366745354129 -0.0701868868019 0.0170539878389 -0.00342017188098 -0.0134261113373 -0.999758572585
-0.0159631778551 0.0211541858865 -0.0654002587196 0.0171712874713 -0.00296960654444 -0.0138447061883 -0.999752295538
-0.00248623961777 0.0319969200734 -0.0672156274733 0.0171002509611 -0.0030276055249 -0.0135817966247 -0.999756945373
-0.0174879746993 0.0257077456948 -0.0657918611578 0.0170329320853 -0.00308402399181 -0.0133763591809 -0.999760691884
-0.0230800467998 0.0178496190638 -0.0634903599991 0.0171166666067 -0.00307348872705 -0.0132238481807 -0.999761323132
-0.0210604744843 0.0326683415337 -0.0598604756894 0.0171841937982 -0.00306581102165 -0.0130528852333 -0.999762435018
-0.0063578904203 0.0278704038845 -0.0729605419384 0.0172116432225 -0.00311522702479 -0.0128365152824 -0.999764611583
-0.00219746382962 0.0196071588372 -0.0689422120026 0.0171667286819 -0.0031585712852 -0.0126739103585 -0.999767322356
-0.00313225674511 0.0316527765449 -0.0725414214589 0.0171048670667 -0.00316789368486 -0.012496543505 -0.999770585871
-0.00654506221862 0.0307937941438 -0.0730984941583 0.017061405968 -0.00318533651556 -0.0123131075577 -0.99977354908
0.00561471830895 0.0183297547949 -0.0734571040614 0.016993500684 -0.00317956360887 -0.0121353314975 -0.999776897632
0.000394292038378 0.0201685342687 -0.0679830009744 0.0169010374944 -0.00322658578584 -0.0119710410697 -0.999780294991
-0.000925279435477 0.0218847843041 -0.0677265742902 0.0167938023076 -0.00333338697683 -0.0117967085429 -0.999783823835

