1614205163.306787
1614205163.905220
1614205164.504980
1614205165.104709
1614205165.704644
1614205166.304313
1614205166.904296
1614205167.503908
1614205168.104196
1614205168.703696
1614205169.203858
1614205169.803391
1614205170.303649
1614205170.903378
1614205171.303241
1614205171.403174
1614205171.802953
1614205171.903193
1614205172.003185
1614205172.604264
1614205173.202992
1614205173.802595
1614205173.902833
1614205174.102813
1614205174.203967
1614205174.302756
1614205174.402584
1614205174.502822
1614205174.602707
1614205174.702819
1614205174.802329
1614205174.902750
1614205175.002671
1614205175.102502
1614205175.202392
1614205175.302411
1614205175.803011
1614205176.302327
1614205176.602032
1614205176.701945
1614205176.801642
1614205176.901638
1614205177.001544
1614205177.102010
1614205177.202514
1614205177.304774
1614205177.402807
1614205177.502801
1614205177.602293
1614205177.702243
1614205177.801847
1614205177.903712
1614205178.001773
1614205178.102021
1614205178.202066
1614205178.301825
1614205178.401398
1614205178.501847
1614205178.602014
1614205178.703836
1614205178.801766
1614205178.901728
1614205179.000949
1614205179.101180
1614205179.201034
1614205179.301159
1614205179.401149
1614205179.501693
1614205179.601635
1614205179.702277
1614205179.802236
1614205179.901873
1614205180.001707
1614205180.101828
1614205180.201657
1614205180.301507
1614205180.401339
1614205180.501213
1614205180.600857
1614205180.701317
1614205180.800493
1614205180.900641
1614205181.000600
1614205181.100789
1614205181.201225
1614205181.301079
1614205181.401480
1614205181.501127
1614205181.600948
1614205181.701509
1614205181.800696
1614205181.901216
1614205182.000795
1614205182.101013
1614205182.200863
1614205182.301213
1614205182.401229
1614205182.501424
1614205182.601343
1614205182.701106
1614205182.801037
1614205182.902595
1614205183.000479
1614205183.099953
1614205183.200275
1614205183.300298
1614205183.399717
1614205183.500527
1614205183.600392
1614205183.700879
1614205183.800940
1614205183.901017
1614205184.000843
1614205184.101161
1614205184.200412
1614205184.300618
1614205184.400296
1614205184.502250
1614205184.600083
1614205184.699962
1614205184.799668
1614205184.899887
1614205185.000390
1614205185.100309
1614205185.200522
1614205185.301110
1614205185.400943
1614205185.500496
1614205185.599989
1614205185.699817
1614205185.799713
1614205185.899903
1614205185.999868
1614205186.100021
1614205186.199841
1614205186.299983
1614205186.399786
1614205186.501732
1614205186.599513
1614205186.700116
1614205186.799562
1614205186.901559
1614205186.999738
1614205187.101895
1614205187.200036
1614205187.299873
1614205187.400031
1614205187.499889
1614205187.599687
1614205187.699908
1614205187.799896
1614205187.899960
1614205187.999942
1614205188.099534
1614205188.199125
1614205188.299078
1614205188.398941
1614205188.499244
1614205188.599008
1614205188.699458
1614205188.799072
1614205188.899246
1614205188.999109
1614205189.099702
1614205189.199457
1614205189.300120
1614205189.399719
1614205189.499850
1614205189.598903
1614205189.699112
1614205189.798582
1614205189.899218
1614205189.998447
1614205190.098712
1614205190.198637
1614205190.300442
1614205190.399511
1614205190.499722
1614205190.599847
1614205190.699855
1614205190.799680
1614205190.899372
1614205190.998830
1614205191.098633
1614205191.198825
1614205191.298827
1614205191.398882
1614205191.498961
1614205191.598921
1614205191.699481
1614205191.799317
1614205191.899872
1614205191.999550
1614205192.099691
1614205192.199202
1614205192.298872
1614205192.398548
1614205192.498686
1614205192.598323
1614205192.698500
1614205192.798152
1614205192.898120
1614205192.997778
1614205193.098038
1614205193.198240
1614205193.298625
1614205193.398881
1614205193.498906
1614205193.598825
1614205193.699066
1614205193.798788
1614205193.898690
1614205193.998708
1614205194.099180
1614205194.199111
1614205194.299494
1614205194.399144
1614205194.501190
1614205194.598870
1614205194.698905
1614205194.798886
1614205194.900246
1614205194.998115
1614205195.098216
1614205195.197592
1614205195.298106
1614205195.397845
1614205195.498534
1614205195.598557
1614205195.698893
1614205195.799139
1614205195.898403
1614205195.997894
1614205196.097732
1614205196.197340
1614205196.297270
1614205196.396573
1614205196.496729
1614205196.596893
1614205196.697387
1614205196.797513
1614205196.897732
1614205196.997718
1614205197.097944
1614205197.198387
1614205197.298502
1614205197.398399
1614205197.497896
1614205197.597250
1614205197.697411
1614205197.797014
1614205197.897234
1614205197.997174
1614205198.097294
1614205198.197090
1614205198.299637
1614205198.397999
1614205198.498165
1614205198.598072
1614205198.697882
1614205198.797609
1614205198.897519
1614205198.996956
1614205199.096780
1614205199.196155
1614205199.295676
1614205199.395643
1614205199.497891
1614205199.596679
1614205199.697460
1614205199.797855
1614205199.899844
1614205199.997723
1614205200.097786
1614205200.197184
1614205200.297127
1614205200.396590
1614205200.497056
1614205200.596529
1614205200.696967
1614205200.796980
1614205200.897409
1614205200.997963
1614205201.098301
1614205201.198323
1614205201.297707
1614205201.396998
1614205201.497004
1614205201.596442
1614205201.696883
1614205201.796404
1614205201.896480
1614205201.996057
1614205202.096265
1614205202.196255
1614205202.296556
1614205202.396292
1614205202.496907
1614205202.596576
1614205202.696991
1614205202.796954
1614205202.897382
1614205202.997159
1614205203.097474
1614205203.197301
1614205203.297500
1614205203.397341
1614205203.497774
1614205203.597201
1614205203.796815
1614205203.896996
1614205203.996322
1614205204.095927
1614205204.195680
1614205204.297749
1614205204.396012
1614205204.496324
1614205204.596644
1614205204.697171
1614205204.797455
1614205204.899837
1614205204.997369
1614205205.097378
1614205205.197159
1614205205.296901
1614205205.396001
1614205205.495651
1614205205.595139
1614205205.695345
1614205205.795141
1614205205.895826
1614205205.996406
1614205206.097109
1614205206.196908
1614205206.297342
1614205206.397084
1614205206.496884
1614205206.596090
1614205206.695675
1614205206.795484
1614205206.895628
1614205206.995753
1614205207.096184
1614205207.196463
1614205207.297067
1614205207.397300
1614205207.497941
1614205207.597697
1614205207.697401
1614205207.796861
1614205207.896344
1614205207.995727
1614205208.095592
1614205208.195414
1614205208.295315
1614205208.394983
1614205208.495127
1614205208.595171
1614205208.695756
1614205208.796193
1614205208.896625
1614205208.996595
1614205209.098062
1614205209.196291
1614205209.296330
1614205209.396465
1614205209.496140
1614205209.595704
1614205209.695403
1614205209.795163
1614205209.895473
1614205209.995870
1614205210.098483
1614205210.196713
1614205210.298534
1614205210.397043
1614205210.496511
1614205210.595313
1614205210.694943
1614205210.795050
1614205210.894972
1614205210.994881
1614205211.095405
1614205211.195959
1614205211.296715
1614205211.397065
1614205211.497253
1614205211.596838
1614205211.696532
1614205211.796219
1614205211.895785
1614205211.995214
1614205212.095013
1614205212.195097
1614205212.295179
1614205212.395233
1614205212.496020
1614205212.596350
1614205212.697151
1614205212.796648
1614205212.897002
1614205212.996185
1614205213.095928
1614205213.195381
1614205213.295248
1614205213.395220
1614205213.494974
1614205213.594651
1614205213.695147
1614205213.794983
1614205213.895608
1614205213.996088
1614205214.096654
1614205214.196176
1614205214.296329
1614205214.395561
1614205214.495134
1614205214.594500
1614205214.694317
1614205214.794396
1614205214.894917
1614205214.994697
1614205215.095122
1614205215.194832
1614205215.295728
1614205215.395804
1614205215.496854
1614205215.596598
1614205215.696619
1614205215.796228
1614205215.895485
1614205215.994881
1614205216.095090
1614205216.194644
1614205216.294980
1614205216.394442
1614205216.495138
1614205216.595323
1614205216.696135
1614205216.796389
1614205216.896925
1614205216.997522
1614205217.099497
1614205217.197366
1614205217.297196
1614205217.396233
1614205217.495885
1614205217.596293
1614205217.696054
1614205217.795264
1614205217.895308
1614205217.995281
1614205218.095344
1614205218.195168
1614205218.295657
1614205218.395966
1614205218.496451
1614205218.596591
1614205218.697017
1614205218.796610
1614205218.896935
1614205218.995938
1614205219.097332
1614205219.195358
1614205219.295330
1614205219.395325
1614205219.495459
1614205219.595720
1614205219.695751
1614205219.795775
1614205219.896297
1614205219.996393
1614205220.096252
1614205220.195851
1614205220.295816
1614205220.395484
1614205220.495807
1614205220.595467
1614205220.695774
1614205220.795554
1614205220.895686
1614205220.996077
1614205221.096327
1614205221.196440
1614205221.297998
1614205221.396380
1614205221.495980
1614205221.595650
1614205221.695862
1614205221.795406
1614205221.897504
1614205221.995386
1614205222.096035
1614205222.195709
1614205222.298260
1614205222.396442
1614205222.497019
1614205222.596799
1614205222.696726
1614205222.795762
1614205222.897163
1614205222.994908
1614205223.095376
1614205223.195540
1614205223.295789
1614205223.395908
1614205223.496801
1614205223.597282
1614205223.697553
1614205223.797231
1614205223.896901
1614205223.996050
1614205224.095860
1614205224.195594
1614205224.295486
1614205224.395107
1614205224.495488
1614205224.595815
1614205224.696063
1614205224.796329
1614205224.896887
1614205224.996721
1614205225.096833
1614205225.196254
1614205225.295718
1614205225.395155
1614205225.494856
1614205225.594797
1614205225.694828
1614205225.794745
1614205225.895447
1614205225.995678
1614205226.096261
1614205226.196172
1614205226.296918
1614205226.397067
1614205226.496876
1614205226.596131
1614205226.695975
1614205226.795546
1614205226.897229
1614205226.995330
1614205227.096632
1614205227.196349
1614205227.296846
1614205227.396454
1614205227.496689
1614205227.596358
1614205227.696438
1614205227.796243
1614205227.897988
1614205227.996423
1614205228.096578
1614205228.196299
1614205228.296319
1614205228.396376
1614205228.496342
1614205228.596639
1614205228.696345
1614205229.196779
1614205229.796480
1614205230.396644
1614205230.896758
1614205231.496937
1614205232.096953
1614205232.696809
1614205233.296497
1614205233.796643
1614205234.298433
1614205234.896986
1614205235.397092
1614205235.896872
1614205235.996628
1614205236.096679
1614205236.596902
1614205237.098434
1614205237.197904
1614205237.298156
1614205237.398135
1614205237.898144
1614205238.498109
1614205239.097984
1614205239.698326
1614205240.299000
1614205240.798189
1614205241.300152
1614205241.498226
1614205241.700259
1614205241.998406
1614205242.298504
1614205242.398393
1614205242.598169
1614205242.700128
1614205242.798393
1614205243.198398
1614205243.298361
1614205243.398084
1614205243.498126
1614205243.598291
1614205244.098302
1614205244.598510
1614205245.198282
1614205245.698487
1614205246.298528
1614205246.898465
1614205247.498816
1614205248.098677
1614205248.700119
1614205249.298849
1614205249.898780
1614205250.499957
